0 0.5235496308491183
1 0.07635421249457297
2 0.9579769799182108
3 0.3786886019026068
4 0.19051111636035467
5 0.09899056870629008
6 0.3959695104357174
7 0.8487085495035873
8 0.2421399364835639
9 0.8492531064334672
10 0.5302167365459114
11 0.5354354408593872
12 0.33323104229613787
13 0.20166385230729533
14 0.9543840803754705
15 0.9127651203484818
16 0.6745457850568545
17 0.5214625559320762
18 0.8367519297621564
19 0.1908134047343274
20 0.2043607127657029
21 0.63262105289005
22 0.5098557172748917
23 0.1791093072456661
24 0.7120610473339151
25 0.7148603887178738
26 0.3495056034246926
27 0.6821385495257937
28 0.6560818063745923
29 0.2799234246565747
30 0.9892059931264777
31 0.6924332615201447
32 0.7044738657057718
33 0.13293927216501722
34 0.7934404258610465
35 0.9848731772572777
36 0.9171986821524664
37 0.7803865491546476
38 0.3010803397567927
39 0.3727255142398469
40 0.04733269916865379
41 0.4624908140495859
42 0.5331905932352675
43 0.06861544795234342
44 0.7271421934421611
45 0.7777805515250852
46 0.30382800392092146
47 0.2802494172244504
48 0.6236234581574652
49 0.14108331172797883
50 0.08171238721220919
51 0.725555856740136
52 0.5433539793175618
53 0.15427762695298952
54 0.9778839501312141
55 0.0508827717911855
56 0.4708576212161295
57 0.27969858110229195
58 0.16742382665298705
59 0.730768717269476
60 0.3034781588103964
61 0.41726850888682654
62 0.6058164476255321
63 0.7038496105048945
64 0.3968090560166827
65 0.34251645249393636
66 0.30664350654427663
67 0.889632109074079
68 0.9246926099368593
69 0.7850374431989102
70 0.29119182587493453
71 0.3346712375901869
72 0.24056646376196866
73 0.9406230266037405
74 0.6213127833357457
75 0.6523181312154538
76 0.7268843261657685
77 0.046174599831425356
78 0.07315732515867246
79 0.9619025597019588
80 0.15431692696351007
81 0.9456517109582698
82 0.10998985740004319
83 0.013947055577158696
84 0.13981919595489312
85 0.18078369476701728
86 0.47739608176262727
87 0.2801855964128195
88 0.632514716340729
89 0.661022340294252
90 0.03457228775872745
91 0.12976185773793558
92 0.5381363735382668
93 0.9138253286450744
94 0.14460515110544414
95 0.017510613603173075
96 0.8529048157053898
97 0.9668475277077649
98 0.48017354641219023
99 0.721857664965879
